Plcd	Pcpu	Pwifi	Pdata	Pgps	type
474	66	0	10	78	1
474	27	0	10	268	1
474	9	0	10	268	1
474	3	0	10	268	1
474	7	0	10	268	1
474	22	0	10	268	1
474	11	0	10	268	1
474	55	0	10	268	1
474	6	0	10	268	1
474	21	0	10	268	1
474	5	0	10	268	1
474	3	0	10	268	1
474	5	0	10	268	1
474	4	0	10	268	1
474	6	0	10	268	1
474	12	0	10	268	1
474	6	0	10	268	1
474	2	0	10	268	1
474	32	0	10	268	1
474	5	0	10	268	1
474	14	0	10	268	1
474	6	0	10	268	1
474	8	0	10	268	1
474	7	0	10	268	1
474	7	0	10	268	1
474	55	0	10	268	1
474	3	0	10	268	1
474	4	0	10	268	1
474	7	0	10	268	1
474	5	0	10	268	1
474	5	0	10	268	1
474	2	0	10	268	1
474	6	0	10	268	1
474	13	0	10	268	1
474	10	0	10	268	1
474	3	0	10	268	1
474	21	0	10	268	1
474	1	0	10	268	1
474	3	0	10	268	1
474	13	0	10	268	1
474	6	0	10	268	1
474	3	0	10	268	1
474	4	0	10	268	1
474	33	0	10	268	1
474	10	0	10	268	1
474	9	0	10	268	1
474	3	0	10	268	1
474	5	0	10	268	1
474	16	0	10	268	1
474	13	0	10	268	1
474	6	0	10	268	1
474	5	0	10	268	1
474	92	0	10	252	1
474	21	0	10	268	1
474	10	0	10	268	1
474	13	0	10	263	1
474	115	0	10	262	1
474	127	0	10	264	1
474	12	0	10	263	1
474	6	0	10	261	1
474	128	0	10	192	1
474	38	0	10	17	1
474	3	0	10	17	1
474	2	0	10	17	1
474	2	0	10	17	1
474	5	0	10	17	1
474	20	0	10	7	1
474	36	0	10	0	1
474	4	0	10	0	1
474	5	0	10	0	1
474	2	0	10	0	1
474	2	0	10	0	1
474	7	0	10	0	1
474	3	0	10	0	1
474	21	0	10	0	1
474	2	0	10	0	1
474	3	0	10	0	1
474	4	0	10	0	1
474	11	0	10	0	1
474	4	0	10	0	1
474	4	0	10	0	1
474	3	0	10	0	1
474	5	0	10	0	1
474	4	0	10	0	1
474	4	0	10	0	1
474	0	0	10	0	1
474	5	0	10	0	1
474	7	0	10	0	1
474	7	0	10	0	1
474	2	0	10	0	1
474	2	0	10	0	1
474	3	0	10	0	1
474	3	0	10	0	1
474	11	0	10	0	1
474	1	0	10	0	1
474	2	0	10	0	1
474	1	0	10	0	1
474	2	0	10	0	1
474	3	0	10	0	1
474	3	0	10	0	1
474	4	0	10	0	1
474	2	0	10	0	1
474	4	0	10	0	1
474	4	0	10	0	1
474	5	0	10	0	1
474	3	0	10	0	1
474	4	0	10	0	1
474	3	0	10	0	1
474	2	0	10	0	1
474	2	0	10	0	1
474	2	0	10	0	1
474	6	0	10	0	1
474	3	0	10	0	1
389	2	0	10	0	1
389	27	0	10	0	1
389	4	0	10	0	1
389	1	0	10	0	1
389	3	0	10	0	1
389	10	0	10	0	1
389	1	0	10	0	1
365	88	0	10	108	1
0	14	0	10	268	1
0	27	0	10	268	1
474	279	0	10	268	1
474	27	0	10	268	1
474	16	0	10	268	1
474	5	0	10	268	1
474	18	0	10	268	1
474	5	0	10	268	1
474	5	0	10	268	1
474	10	0	10	268	1
474	54	0	10	246	1
474	255	0	10	24	1
474	7	0	10	268	1
474	5	0	10	261	1
474	24	0	10	263	1
474	10	0	10	263	1
474	11	0	10	263	1
474	7	0	10	263	1
474	54	0	10	263	1
474	10	0	10	261	1
474	9	0	10	263	1
474	6	0	10	263	1
474	27	0	10	215	1
474	235	0	10	42	1
474	7	0	10	17	1
474	2	0	10	17	1
474	15	0	10	17	1
474	39	0	10	17	1
474	7	0	10	17	1
474	244	0	10	1	1
474	4	0	10	0	1
474	3	0	10	0	1
474	3	0	10	0	1
474	12	0	10	0	1
474	4	0	10	0	1
474	5	0	10	0	1
474	2	0	10	0	1
474	2	0	10	0	1
474	6	0	10	0	1
474	11	0	10	0	1
474	5	0	10	0	1
474	2	0	10	0	1
474	2	0	10	0	1
474	6	0	10	0	1
474	10	0	10	0	1
474	5	0	10	0	1
474	21	0	10	0	1
474	2	0	10	0	1
474	3	0	10	0	1
474	4	0	10	0	1
474	10	0	10	0	1
474	4	0	10	0	1
474	3	0	10	0	1
474	4	0	10	0	1
474	2	0	10	0	1
474	2	0	10	0	1
474	3	0	10	0	1
474	2	0	10	0	1
474	3	0	10	0	1
474	1	0	10	0	1
474	3	0	10	0	1
474	2	0	10	0	1
474	2	0	10	0	1
474	3	0	10	0	1
474	3	0	10	0	1
474	0	0	10	0	1
474	5	0	10	0	1
474	2	0	10	0	1
474	3	0	10	0	1
474	3	0	10	0	1
474	2	0	10	0	1
474	2	0	10	0	1
474	2	0	10	0	1
474	4	0	10	0	1
474	3	0	10	0	1
474	2	0	10	0	1
474	2	0	10	0	1
474	2	0	10	0	1
474	10	0	10	0	1
474	3	0	10	0	1
389	5	0	10	0	1
474	3	0	10	0	1
474	3	0	10	0	1
474	268	0	10	227	1
474	17	0	10	268	1
474	6	0	10	268	1
474	7	0	10	268	1
474	9	0	10	268	1
474	3	0	10	268	1
474	82	0	10	268	1
474	5	0	10	268	1
474	43	0	10	268	1
474	4	0	10	268	1
474	7	0	10	268	1
474	60	0	10	268	1
474	6	0	10	268	1
474	7	0	10	268	1
474	219	0	10	96	1
474	21	0	10	183	1
474	7	0	10	263	1
474	20	0	10	264	1
474	20	0	10	260	1
474	10	0	10	264	1
474	15	0	10	264	1
474	21	0	10	262	1
474	12	0	10	263	1
474	11	0	10	266	1
474	18	0	10	264	1
474	5	0	10	262	1
474	155	0	10	165	1
474	171	0	10	17	1
474	1	0	10	17	1
474	3	0	10	17	1
474	18	0	10	17	1
474	6	0	10	17	1
474	179	0	10	6	1
474	25	0	10	0	1
474	3	0	10	0	1
474	3	0	10	0	1
474	8	0	10	0	1
474	4	0	10	0	1
474	2	0	10	0	1
474	2	0	10	0	1
474	2	0	10	0	1
474	9	0	10	0	1
474	4	0	10	0	1
474	109	0	10	0	1
474	2	0	10	0	1
474	11	0	10	0	1
474	3	0	10	0	1
474	4	0	10	0	1
474	11	0	10	0	1
474	2	0	10	0	1
474	3	0	10	0	1
474	12	0	10	0	1
474	2	0	10	0	1
474	1	0	10	0	1
474	4	0	10	0	1
474	2	0	10	0	1
474	32	0	10	0	1
474	4	0	10	0	1
474	4	0	10	0	1
474	2	0	10	0	1
474	0	0	10	0	1
474	4	0	10	0	1
474	11	0	10	0	1
474	2	0	10	0	1
474	3	0	10	0	1
474	3	0	10	0	1
474	2	0	10	0	1
474	1	0	10	0	1
474	4	0	10	0	1
474	3	0	10	0	1
474	2	0	10	0	1
474	2	0	10	0	1
474	4	0	10	0	1
474	2	0	10	0	1
474	3	0	10	0	1
474	2	0	10	0	1
474	1	0	10	0	1
474	10	0	10	0	1
474	1	0	10	0	1
474	10	0	10	0	1
474	3	0	10	0	1
474	2	0	10	0	1
474	1	0	10	0	1
389	3	0	10	0	1
389	2	0	10	0	1
474	4	0	10	0	1
474	6	0	10	96	1
474	7	0	10	268	1
474	5	0	10	268	1
474	9	0	10	268	1
474	7	0	10	268	1
474	8	0	10	268	1
474	49	0	10	268	1
474	7	0	10	268	1
474	76	0	10	223	1
474	52	0	10	56	1
474	5	0	10	259	1
474	5	0	10	268	1
474	27	0	10	264	1
474	10	0	10	263	1
474	9	0	10	264	1
474	76	0	10	264	1
474	18	0	10	263	1
474	77	0	10	263	1
474	13	0	10	263	1
474	18	0	10	264	1
474	8	0	10	268	1
474	208	0	10	35	1
474	54	0	10	17	1
474	3	0	10	17	1
474	49	0	10	17	1
474	4	0	10	17	1
474	5	0	10	17	1
474	197	0	10	1	1
474	3	0	10	0	1
474	3	0	10	0	1
474	2	0	10	0	1
474	3	0	10	0	1
474	5	0	10	0	1
474	1	0	10	0	1
474	2	0	10	0	1
474	3	0	10	0	1
474	4	0	10	0	1
474	2	0	10	0	1
474	4	0	10	0	1
474	2	0	10	0	1
474	0	0	10	0	1
474	16	0	10	0	1
474	2	0	10	0	1
474	3	0	10	0	1
474	0	0	10	0	1
474	2	0	10	0	1
474	3	0	10	0	1
474	4	0	10	0	1
474	1	0	10	0	1
474	4	0	10	0	1
474	3	0	10	0	1
474	3	0	10	0	1
474	3	0	10	0	1
474	4	0	10	0	1
474	4	0	10	0	1
474	3	0	10	0	1
474	2	0	10	0	1
474	0	0	10	0	1
474	4	0	10	0	1
474	1	0	10	0	1
474	16	0	10	0	1
474	2	0	10	0	1
474	2	0	10	0	1
474	2	0	10	0	1
474	4	0	10	0	1
474	1	0	10	0	1
474	4	0	10	0	1
474	4	0	10	0	1
474	2	0	10	0	1
474	3	0	10	0	1
474	3	0	10	0	1
474	3	0	10	0	1
474	3	0	10	0	1
474	4	0	10	0	1
474	3	0	10	0	1
474	2	0	10	0	1
474	1	0	10	0	1
474	60	0	10	0	1
389	1	0	10	0	1
389	3	0	10	0	1
474	7	0	10	0	1
474	9	0	10	234	1
474	3	0	10	268	1
474	11	0	10	268	1
474	9	0	10	268	1
474	2	0	10	268	1
474	2	0	10	268	1
474	5	0	10	268	1
474	33	0	10	268	1
474	9	0	10	268	1
474	9	0	10	268	1
474	7	0	10	268	1
474	213	0	10	92	1
474	16	0	10	186	1
474	5	0	10	265	1
474	13	0	10	268	1
474	14	0	10	264	1
474	12	0	10	264	1
474	37	0	10	268	1
474	65	0	10	264	1
474	9	0	10	264	1
474	7	0	10	264	1
474	10	0	10	262	1
474	14	0	10	263	1
474	11	0	10	263	1
474	175	0	10	143	1
474	25	0	10	17	1
474	2	0	10	17	1
474	4	0	10	17	1
474	11	0	10	17	1
474	2	0	10	17	1
474	162	0	10	5	1
474	15	0	10	0	1
474	1	0	10	0	1
474	2	0	10	0	1
474	2	0	10	0	1
474	0	0	10	0	1
474	10	0	10	0	1
474	2	0	10	0	1
474	11	0	10	0	1
474	2	0	10	0	1
474	4	0	10	0	1
474	4	0	10	0	1
474	2	0	10	0	1
474	2	0	10	0	1
474	4	0	10	0	1
474	3	0	10	0	1
474	2	0	10	0	1
474	2	0	10	0	1
474	4	0	10	0	1
474	1	0	10	0	1
474	6	0	10	0	1
474	3	0	10	0	1
474	4	0	10	0	1
474	4	0	10	0	1
474	2	0	10	0	1
474	5	0	10	0	1
474	6	0	10	0	1
474	3	0	10	0	1
474	4	0	10	0	1
474	3	0	10	0	1
474	3	0	10	0	1
474	3	0	10	0	1
474	4	0	10	0	1
474	4	0	10	0	1
474	2	0	10	0	1
474	4	0	10	0	1
474	3	0	10	0	1
474	2	0	10	0	1
474	5	0	10	0	1
474	5	0	10	0	1
474	3	0	10	0	1
474	3	0	10	0	1
474	1	0	10	0	1
474	2	0	10	0	1
474	22	0	10	0	1
474	10	0	10	0	1
474	16	0	10	0	1
474	1	0	10	0	1
474	2	0	10	0	1
474	1	0	10	0	1
474	6	0	10	0	1
389	2	0	10	0	1
474	3	0	10	0	1
474	4	0	10	0	1
474	4	0	10	125	1
474	11	0	10	268	1
474	4	0	10	268	1
474	3	0	10	268	1
474	5	0	10	268	1
474	7	0	10	268	1
474	7	0	10	268	1
474	9	0	10	268	1
474	6	0	10	268	1
474	11	0	10	268	1
474	5	0	10	268	1
474	7	0	10	268	1
474	6	0	10	268	1
474	6	0	10	268	1
474	115	0	10	268	1
474	10	0	10	268	1
474	6	0	10	268	1
474	6	0	10	268	1
474	4	0	10	268	1
474	10	0	10	268	1
474	10	0	10	268	1
474	6	0	10	268	1
474	6	0	10	268	1
474	10	0	10	268	1
474	5	0	10	268	1
474	43	0	10	268	1
474	8	0	10	268	1
474	7	0	10	268	1
474	4	0	10	268	1
474	6	0	10	268	1
474	3	0	10	268	1
474	6	0	10	268	1
474	15	0	10	268	1
474	7	0	10	268	1
474	9	0	10	268	1
474	6	0	10	268	1
474	6	0	10	268	1
474	4	0	10	268	1
474	10	0	10	268	1
474	5	0	10	268	1
474	5	0	10	268	1
474	4	0	10	268	1
474	5	0	10	268	1
474	6	0	10	268	1
474	7	0	10	268	1
474	5	0	10	268	1
474	4	0	10	268	1
474	22	0	10	268	1
474	5	0	10	268	1
474	12	0	10	268	1
474	12	0	10	268	1
389	5	0	10	268	1
389	10	0	10	268	1
389	4	0	10	268	1
389	3	0	10	268	1
389	6	0	10	268	1
389	6	0	10	268	1
389	7	0	10	268	1
365	94	0	10	268	1
0	9	0	10	268	1
0	124	0	10	153	1
0	230	0	10	17	1
0	27	0	10	17	1
0	1	0	10	17	1
0	2	0	10	17	1
0	7	0	10	17	1
0	1	0	10	6	1
0	31	0	10	0	1
474	52	0	10	0	1
474	79	0	10	0	1
474	3	0	10	0	1
474	37	0	10	0	1
474	0	0	10	0	1
474	4	0	10	0	1
474	3	0	10	0	1
474	3	0	10	0	1
474	12	0	10	0	1
474	1	0	10	0	1
474	2	0	10	0	1
474	1	0	10	0	1
474	3	0	10	0	1
474	12	0	10	0	1
474	1	0	10	0	1
474	32	0	10	0	1
474	2	0	10	0	1
474	2	0	10	0	1
474	39	0	10	0	1
474	16	0	10	0	1
474	3	0	10	0	1
474	3	0	10	0	1
474	3	0	10	0	1
474	8	0	10	0	1
474	9	0	10	0	1
474	0	0	10	0	1
474	5	0	10	0	1
474	2	0	10	0	1
474	5	0	10	0	1
474	11	0	10	0	1
474	4	0	10	0	1
474	11	0	10	0	1
474	3	0	10	0	1
474	2	0	10	0	1
474	2	0	10	0	1
474	3	0	10	0	1
474	3	0	10	0	1
474	1	0	10	0	1
474	4	0	10	0	1
474	4	0	10	0	1
474	2	0	10	0	1
474	2	0	10	0	1
474	3	0	10	0	1
474	2	0	10	0	1
474	0	0	10	0	1
474	5	0	10	0	1
474	1	0	10	0	1
474	2	0	10	0	1
474	5	0	10	0	1
474	3	0	10	0	1
474	4	0	10	0	1
474	3	0	10	0	1
474	27	0	10	105	1
474	7	0	10	268	1
389	8	0	10	268	1
474	10	0	10	268	1
474	3	0	10	268	1
474	7	0	10	268	1
474	7	0	10	268	1
474	5	0	10	268	1
474	4	0	10	268	1
474	5	0	10	268	1
474	5	0	10	268	1
474	7	0	10	268	1
474	5	0	10	268	1
474	5	0	10	268	1
474	3	0	10	268	1
474	7	0	10	268	1
474	4	0	10	268	1
474	4	0	10	268	1
474	9	0	10	268	1
474	4	0	10	268	1
474	81	0	10	215	1
474	35	0	10	58	1
474	10	0	10	260	1
474	4	0	10	268	1
474	24	0	10	268	1
474	4	0	10	260	1
474	38	0	10	265	1
474	32	0	10	259	1
474	7	0	10	260	1
474	25	0	10	261	1
474	4	0	10	261	1
474	17	0	10	264	1
474	16	0	10	261	1
474	78	0	10	264	1
474	236	0	10	18	1
474	13	0	10	17	1
474	6	0	10	17	1
474	13	0	10	17	1