Plcd	Pcpu	Pwifi	Pdata	Pgps	type
0	21	0	10	268	1
0	9	0	10	268	1
0	3	0	10	268	1
0	16	0	405	268	1
0	6	0	902	268	1
0	6	0	902	268	1
0	25	0	902	268	1
0	5	0	902	268	1
0	11	0	902	268	1
0	4	0	902	268	1
0	4	0	902	268	1
0	6	0	902	268	1
0	10	0	405	268	1
0	13	0	405	268	1
0	5	0	405	268	1
0	7	0	405	268	1
0	6	0	405	268	1
0	6	0	405	268	1
0	20	0	405	268	1
0	5	0	405	268	1
0	4	0	405	268	1
0	4	0	405	268	1
0	4	0	405	268	1
0	13	0	405	268	1
0	5	0	10	268	1
0	4	0	10	268	1
0	4	0	10	268	1
0	9	0	10	268	1
0	7	0	10	268	1
0	4	0	10	268	1
0	6	0	10	268	1
0	10	0	10	268	1
0	4	0	10	268	1
0	5	0	10	268	1
0	7	0	10	268	1
0	11	0	10	268	1
0	5	0	10	268	1
0	6	0	10	268	1
0	5	0	10	268	1
0	9	0	10	268	1
0	10	0	10	268	1
0	6	0	10	268	1
0	4	0	10	268	1
0	7	0	10	268	1
0	7	0	10	268	1
0	6	0	10	268	1
0	5	0	10	268	1
0	5	0	10	268	1
0	5	0	10	268	1
0	9	0	10	268	1
0	6	0	10	268	1
0	10	0	10	268	1
0	6	0	10	268	1
0	92	0	10	185	1
0	28	0	10	93	1
0	11	0	10	261	1
0	5	0	10	268	1
0	82	0	10	265	1
0	211	0	10	125	1
0	14	0	10	17	1
0	2	0	10	17	1
0	10	0	10	17	1
0	2	0	10	17	1
0	1	0	10	17	1
0	149	0	10	5	1
0	22	0	10	0	1
0	2	0	10	0	1
0	1	0	10	0	1
0	1	0	10	0	1
0	1	0	10	0	1
0	3	0	10	0	1
0	2	0	10	0	1
0	2	0	10	0	1
0	1	0	10	0	1
0	2	0	10	0	1
0	2	0	10	0	1
0	0	0	10	0	1
0	0	0	10	0	1
0	3	0	10	0	1
0	1	0	10	0	1
0	0	0	10	0	1
0	2	0	10	0	1
0	2	0	10	0	1
0	2	0	10	0	1
0	0	0	10	0	1
0	1	0	10	0	1
0	1	0	10	0	1
0	2	0	10	0	1
0	0	0	10	0	1
0	1	0	10	0	1
0	0	0	10	0	1
0	2	0	10	0	1
0	1	0	10	0	1
0	2	0	10	0	1
0	2	0	10	0	1
0	1	0	10	0	1
0	3	0	10	0	1
0	3	0	10	0	1
0	2	0	10	0	1
0	2	0	10	0	1
0	0	0	10	0	1
0	1	0	10	0	1
0	0	0	10	0	1
0	4	0	10	0	1
0	3	0	10	0	1
0	1	0	10	0	1
0	3	0	10	0	1
0	2	0	10	0	1
0	4	0	10	0	1
0	3	0	10	0	1
0	1	0	10	0	1
0	3	0	10	0	1
0	0	0	10	0	1
0	1	0	10	0	1
0	0	0	10	0	1
0	2	0	10	0	1
0	2	0	10	0	1
0	6	0	10	0	1
0	6	0	10	145	1
0	10	0	10	268	1
0	5	0	10	268	1
0	5	0	10	268	1
0	2	0	10	268	1
0	5	0	10	268	1
0	3	0	10	268	1
0	4	0	10	268	1
0	3	0	10	268	1
0	6	0	10	268	1
0	6	0	10	268	1
0	5	0	10	268	1
0	6	0	10	268	1
0	6	0	10	268	1
0	7	0	10	268	1
0	5	0	10	268	1
0	5	0	10	268	1
0	4	0	10	268	1
0	4	0	10	268	1
0	4	0	10	268	1
0	2	0	10	268	1
0	4	0	10	268	1
0	4	0	10	268	1
0	11	0	10	268	1
0	6	0	10	268	1
0	3	0	10	268	1
0	5	0	10	268	1
0	5	0	10	268	1
0	146	0	10	180	1
0	27	0	10	102	1
0	9	0	10	260	1
0	4	0	10	268	1
0	5	0	10	260	1
0	6	0	10	268	1
0	9	0	10	265	1
0	6	0	10	268	1
0	32	0	10	263	1
0	7	0	10	263	1
0	43	0	10	263	1
0	32	0	10	264	1
0	60	0	10	266	1
0	38	0	10	263	1
0	27	0	10	266	1
0	43	0	10	263	1
0	21	0	10	260	1
0	59	0	10	228	1
0	166	0	10	17	1
0	1	0	10	17	1
0	4	0	10	17	1
0	2	0	10	17	1
0	2	0	10	17	1
0	60	0	10	8	1
0	175	0	10	0	1
0	2	0	10	0	1
0	1	0	10	0	1
0	0	0	10	0	1
0	1	0	10	0	1
0	1	0	10	0	1
0	1	0	10	0	1
0	11	0	10	0	1
0	10	0	10	0	1
0	2	0	10	0	1
0	0	0	10	0	1
0	2	0	10	0	1
0	1	0	10	0	1
0	2	0	10	0	1
0	0	0	10	0	1
0	1	0	10	0	1
0	0	0	10	0	1
0	1	0	10	0	1
0	1	0	10	0	1
0	2	0	10	0	1
0	2	0	10	0	1
0	3	0	10	0	1
0	1	0	10	0	1
0	1	0	10	0	1
0	2	0	10	0	1
0	2	0	10	0	1
0	2	0	10	0	1
0	2	0	10	0	1
0	2	0	10	0	1
0	1	0	10	0	1
0	0	0	10	0	1
0	3	0	10	0	1
0	2	0	10	0	1
0	74	0	10	0	1
0	1	0	10	0	1
0	1	0	10	0	1
0	3	0	10	0	1
0	0	0	10	0	1
0	11	0	10	0	1
0	4	0	10	0	1
0	2	0	10	0	1
0	2	0	10	0	1
0	2	0	10	0	1
0	2	0	10	0	1
0	1	0	10	0	1
0	1	0	10	0	1
0	1	0	10	0	1
0	1	0	10	0	1
0	1	0	10	0	1
0	1	0	10	0	1
0	1	0	10	0	1
0	2	0	10	0	1
0	1	0	10	0	1
0	6	0	10	29	1
0	4	0	10	268	1
0	6	0	10	268	1
0	3	0	10	268	1
0	4	0	10	268	1
0	3	0	10	268	1
0	7	0	10	268	1
0	3	0	10	268	1
0	9	0	10	268	1
0	27	0	10	268	1
0	2	0	10	268	1
0	6	0	10	268	1
0	5	0	10	268	1
0	3	0	10	268	1
0	71	0	10	268	1
0	6	0	10	268	1
0	7	0	10	268	1
0	189	0	10	27	1
0	6	0	10	253	1
0	6	0	10	259	1
0	9	0	10	267	1
0	11	0	10	265	1
0	12	0	10	262	1
0	11	0	10	261	1
0	14	0	10	260	1
0	13	0	10	258	1
0	12	0	10	262	1
0	11	0	10	262	1
0	9	0	10	263	1
0	153	0	10	90	1
0	65	0	10	17	1
0	2	0	10	17	1
0	2	0	10	17	1
0	2	0	10	17	1
0	2	0	10	17	1
0	186	0	10	3	1
0	9	0	10	0	1
0	2	0	405	0	1
0	2	0	902	0	1
0	0	0	902	0	1
0	0	0	902	0	1
0	3	0	902	0	1
0	1	0	902	0	1
0	2	0	405	0	1
0	1	0	405	0	1
0	2	0	405	0	1
0	2	0	405	0	1
0	2	0	405	0	1
0	2	0	405	0	1
0	2	0	405	0	1
0	1	0	405	0	1
0	1	0	405	0	1
0	4	0	405	0	1
0	0	0	405	0	1
0	2	0	405	0	1
0	2	0	10	0	1
0	1	0	10	0	1
0	1	0	10	0	1
0	1	0	10	0	1
0	2	0	10	0	1
0	0	0	10	0	1
0	3	0	10	0	1
0	1	0	10	0	1
0	2	0	10	0	1
0	2	0	10	0	1
0	1	0	10	0	1
0	0	0	10	0	1
0	1	0	10	0	1
0	3	0	10	0	1
0	2	0	10	0	1
0	1	0	10	0	1
0	1	0	10	0	1
0	0	0	10	0	1
0	1	0	10	0	1
0	15	0	10	0	1
0	0	0	10	0	1
0	6	0	10	0	1
0	3	0	10	0	1
0	1	0	10	0	1
0	4	0	10	0	1
0	16	0	10	0	1
0	1	0	10	0	1
0	2	0	10	0	1
0	1	0	10	0	1
0	2	0	10	0	1
0	27	0	10	0	1
0	1	0	10	0	1
0	2	0	10	0	1
0	1	0	10	0	1
0	3	0	10	183	1
0	5	0	10	268	1
0	4	0	10	268	1
0	5	0	10	268	1
0	6	0	10	268	1
0	11	0	10	268	1
0	2	0	10	268	1
0	5	0	10	268	1
0	6	0	10	268	1
0	6	0	10	268	1
0	4	0	10	268	1
0	4	0	10	268	1
0	6	0	10	268	1
0	5	0	10	268	1
0	6	0	10	268	1
0	9	0	10	268	1
0	4	0	10	268	1
0	5	0	10	268	1
0	6	0	10	268	1
0	4	0	10	268	1
0	10	0	10	264	1
0	4	0	10	268	1
0	7	0	10	262	1
0	6	0	10	268	1
0	10	0	10	262	1
0	10	0	10	266	1
0	11	0	10	262	1
0	5	0	10	268	1
0	5	0	10	263	1
0	5	0	10	268	1
0	9	0	10	265	1
0	11	0	10	261	1
0	12	0	10	261	1
0	10	0	10	263	1
0	7	0	10	265	1
0	13	0	10	262	1
0	13	0	10	265	1
0	6	0	10	264	1
0	135	0	10	136	1
0	27	0	10	17	1
0	0	0	10	17	1
0	5	0	10	17	1
0	2	0	10	17	1
0	2	0	10	17	1
0	149	0	10	5	1
0	132	0	10	0	1
0	5	0	10	0	1
0	1	0	10	0	1
0	1	0	10	0	1
0	0	0	10	0	1
0	1	0	10	0	1
0	3	0	10	0	1
0	1	0	10	0	1
0	1	0	10	0	1
0	2	0	10	0	1
0	3	0	10	0	1
0	1	0	10	0	1
0	0	0	10	0	1
0	1	0	10	0	1
0	2	0	10	0	1
0	1	0	10	0	1
0	2	0	10	0	1
0	3	0	10	0	1
0	1	0	10	0	1
0	1	0	10	0	1
0	1	0	10	0	1
0	3	0	10	0	1
0	6	0	10	0	1
0	1	0	10	0	1
0	1	0	10	0	1
0	1	0	10	0	1
0	1	0	10	0	1
0	2	0	10	0	1
0	3	0	10	0	1
0	2	0	10	0	1
0	1	0	10	0	1
0	1	0	10	0	1
0	2	0	10	0	1
0	1	0	10	0	1
0	1	0	10	0	1
0	3	0	10	0	1
0	1	0	10	0	1
0	2	0	10	0	1
0	0	0	10	0	1
0	0	0	10	0	1
0	2	0	10	0	1
0	0	0	10	0	1
0	0	0	10	0	1
0	1	0	10	0	1
0	2	0	10	0	1
0	1	0	10	0	1
0	5	0	10	0	1
0	0	0	10	0	1
0	2	0	10	0	1
0	1	0	10	0	1
0	1	0	10	0	1
0	16	0	10	0	1
0	2	0	10	0	1
0	9	0	10	131	1
0	6	0	10	268	1
0	3	0	10	268	1
0	6	0	10	268	1
0	9	0	10	268	1
0	15	0	10	268	1
0	4	0	10	268	1
0	43	0	10	268	1
0	3	0	10	268	1
0	5	0	10	268	1
0	12	0	10	268	1
0	4	0	10	268	1
0	4	0	10	268	1
0	4	0	10	268	1
0	3	0	10	268	1
0	3	0	10	268	1
0	3	0	10	268	1
0	7	0	10	268	1
0	1	0	10	268	1
0	5	0	10	268	1
0	4	0	10	268	1
0	33	0	10	262	1
0	4	0	10	268	1
0	12	0	10	262	1
0	4	0	10	268	1
0	14	0	10	264	1
0	49	0	10	265	1
0	15	0	10	262	1
0	19	0	10	261	1
0	60	0	10	261	1
0	137	0	10	263	1
0	19	0	10	258	1
0	43	0	10	262	1
0	49	0	10	263	1
0	70	0	10	196	1
0	143	0	10	17	1
0	0	0	10	17	1
0	1	0	10	17	1
0	2	0	10	17	1
0	1	0	10	17	1
0	65	0	10	7	1
0	31	0	10	0	1
0	1	0	10	0	1
0	2	0	10	0	1
0	2	0	10	0	1
0	3	0	10	0	1
0	2	0	10	0	1
0	3	0	10	0	1
0	2	0	10	0	1
0	2	0	10	0	1
0	3	0	10	0	1
0	2	0	10	0	1
0	1	0	10	0	1
0	0	0	10	0	1
0	4	0	405	0	1
0	1	0	902	0	1
0	2	0	902	0	1
0	2	0	902	0	1
0	3	0	902	0	1
0	2	0	902	0	1
0	1	0	405	0	1
0	2	0	405	0	1
0	1	0	405	0	1
0	1	0	405	0	1
0	1	0	405	0	1
0	2	0	405	0	1
0	1	0	405	0	1
0	22	0	405	0	1
0	1	0	405	0	1
0	2	0	405	0	1
0	0	0	405	0	1
0	3	0	405	0	1
0	2	0	10	0	1
0	3	0	10	0	1
0	1	0	10	0	1
0	2	0	10	0	1
0	3	0	10	0	1
0	1	0	10	0	1
0	1	0	10	0	1
0	2	0	10	0	1
0	1	0	10	0	1
0	0	0	10	0	1
0	2	0	10	0	1
0	3	0	10	0	1
0	2	0	10	0	1
0	3	0	10	0	1
0	0	0	10	0	1
0	2	0	10	0	1
0	1	0	10	0	1
0	1	0	10	0	1
0	2	0	10	0	1
0	1	0	10	0	1
0	1	0	10	0	1
0	3	0	10	0	1
0	4	0	10	71	1
0	4	0	10	268	1
0	4	0	10	268	1
0	5	0	10	268	1
0	49	0	10	268	1
0	7	0	10	268	1
0	5	0	10	268	1
0	6	0	10	268	1
0	3	0	10	268	1
0	4	0	10	268	1
0	5	0	10	268	1
0	4	0	10	268	1
0	3	0	10	268	1
0	4	0	10	268	1
0	6	0	10	268	1
0	1	0	10	268	1
0	6	0	10	268	1
0	4	0	10	268	1
0	4	0	10	268	1
0	4	0	10	268	1
0	7	0	10	268	1
0	3	0	10	268	1
0	5	0	10	268	1
0	5	0	10	268	1
0	9	0	10	268	1
0	12	0	10	268	1
0	71	0	10	264	1
0	7	0	10	268	1
0	10	0	10	268	1
0	4	0	10	260	1
0	50	0	10	265	1
0	38	0	10	262	1
0	54	0	10	263	1
0	16	0	10	263	1
0	65	0	10	264	1
0	32	0	10	265	1
0	54	0	10	265	1
0	9	0	10	264	1
0	27	0	10	264	1
0	55	0	10	243	1
0	56	0	10	17	1
0	1	0	10	17	1
0	1	0	10	17	1
0	2	0	10	17	1
0	2	0	10	17	1
0	106	0	10	8	1
0	197	0	10	0	1
0	2	0	10	0	1
0	1	0	10	0	1
0	3	0	10	0	1
0	5	0	10	0	1
0	1	0	10	0	1
0	2	0	10	0	1
0	0	0	10	0	1
0	2	0	10	0	1
0	5	0	10	0	1
0	1	0	10	0	1
0	2	0	10	0	1
0	1	0	10	0	1
0	2	0	10	0	1
0	2	0	10	0	1
0	3	0	10	0	1
0	1	0	10	0	1
0	2	0	10	0	1
0	2	0	10	0	1
0	2	0	10	0	1
0	1	0	10	0	1
0	0	0	10	0	1
0	1	0	10	0	1
0	1	0	10	0	1
0	0	0	10	0	1
0	2	0	10	0	1
0	1	0	10	0	1
0	3	0	10	0	1
0	1	0	10	0	1
0	1	0	10	0	1
0	1	0	10	0	1
0	2	0	10	0	1
0	0	0	10	0	1
0	0	0	10	0	1
0	1	0	10	0	1
0	2	0	10	0	1
0	1	0	10	0	1
0	1	0	10	0	1
0	2	0	10	0	1
0	1	0	10	0	1
0	1	0	10	0	1
0	1	0	10	0	1
0	1	0	10	0	1
0	1	0	10	0	1
0	0	0	10	0	1
0	3	0	10	0	1
0	1	0	10	0	1
0	23	0	10	0	1
0	1	0	10	0	1
0	1	0	10	0	1
0	2	0	10	0	1