Plcd	Pcpu	Pwifi	Pdata	Pgps	type
0	33	0	10	0	1
0	2	0	10	0	1
0	3	0	10	0	1
0	4	0	10	0	1
0	2	0	10	0	1
0	6	0	10	0	1
0	2	0	10	0	1
0	1	0	10	0	1
0	1	0	10	0	1
0	1	0	10	0	1
0	10	0	10	0	1
0	3	0	10	0	1
0	4	0	10	0	1
0	3	0	10	0	1
0	4	0	10	0	1
0	11	0	10	0	1
0	4	0	10	0	1
0	2	0	10	0	1
0	3	0	10	0	1
0	1	0	10	0	1
0	8	0	10	0	1
0	1	0	10	0	1
0	2	0	10	0	1
0	2	0	10	0	1
0	1	0	10	0	1
0	3	0	10	0	1
0	5	0	10	0	1
0	2	0	10	0	1
0	1	0	10	0	1
0	1	0	10	0	1
0	1	0	10	0	1
0	1	0	10	0	1
0	3	0	10	0	1
0	13	0	10	0	1
0	1	0	10	0	1
0	1	0	10	0	1
0	2	0	10	0	1
0	1	0	10	0	1
0	2	0	10	0	1
0	1	0	10	0	1
0	5	0	10	0	1
0	2	0	10	0	1
0	4	0	10	0	1
0	1	0	10	0	1
0	1	0	10	0	1
0	3	0	10	0	1
0	2	0	10	0	1
0	2	0	10	0	1
0	3	0	10	0	1
0	1	0	10	0	1
0	2	0	10	0	1
0	1	0	10	0	1
0	1	0	10	0	1
0	1	0	10	0	1
0	1	0	10	0	1
0	2	0	10	0	1
0	3	0	10	0	1
0	3	0	10	0	1
0	2	0	10	0	1
0	406	0	10	0	1
0	468	0	10	0	1
0	448	0	10	0	1
0	442	0	10	0	1
0	451	0	10	0	1
0	460	0	10	0	1
0	429	0	10	0	1
0	481	0	10	0	1
0	421	0	10	0	1
0	46	0	405	0	1
0	5	0	902	0	1
0	22	0	902	0	1
0	3	0	902	0	1
0	15	0	902	0	1
0	6	0	902	0	1
0	3	0	902	0	1
0	1	0	902	0	1
0	3	0	902	0	1
0	1	0	902	0	1
0	4	0	902	0	1
0	3	0	902	0	1
0	4	0	902	0	1
0	2	0	902	0	1
0	1	0	902	0	1
0	4	0	902	0	1
0	2	0	405	0	1
0	0	0	405	0	1
0	36	0	405	0	1
0	2	0	405	0	1
0	2	0	405	0	1
0	3	0	405	0	1
0	4	0	405	0	1
0	1	0	405	0	1
0	3	0	405	0	1
0	15	0	405	0	1
0	1	0	405	0	1
0	1	0	405	0	1
0	2	0	10	0	1
0	1	0	10	0	1
0	2	0	10	0	1
0	4	0	10	0	1
0	2	0	10	0	1
0	2	0	10	0	1
0	5	0	10	0	1
0	2	0	10	0	1
0	2	0	10	0	1
0	2	0	10	0	1
0	2	0	10	0	1
0	1	0	10	0	1
0	1	0	10	0	1
0	1	0	10	0	1
0	1	0	10	0	1
0	3	0	10	0	1
0	3	0	10	0	1
0	1	0	10	0	1
0	3	0	10	0	1
0	3	0	10	0	1
0	3	0	10	0	1
0	4	0	10	0	1
0	5	0	10	0	1
0	260	0	10	0	1
0	447	0	10	0	1
0	465	0	10	0	1
0	404	0	10	0	1
0	425	0	10	0	1
0	465	0	10	0	1
0	458	0	10	0	1
0	488	0	10	0	1
0	71	0	405	0	1
0	1	0	902	0	1
0	14	0	902	0	1
0	3	0	902	0	1
0	5	0	902	0	1
0	12	0	902	0	1
0	2	0	902	0	1
0	3	0	902	0	1
0	4	0	902	0	1
0	21	0	902	0	1
0	1	0	902	0	1
0	1	0	902	0	1
0	2	0	902	0	1
0	2	0	902	0	1
0	2	0	405	0	1
0	3	0	405	0	1
0	4	0	405	0	1
0	3	0	405	0	1
0	2	0	405	0	1
0	2	0	405	0	1
0	1	0	405	0	1
0	1	0	405	0	1
0	2	0	405	0	1
0	1	0	405	0	1
0	2	0	405	0	1
0	1	0	405	0	1
0	18	0	10	0	1
0	2	0	10	0	1
0	3	0	10	0	1
0	1	0	10	0	1
0	1	0	10	0	1
0	2	0	10	0	1
0	2	0	10	0	1
0	1	0	10	0	1
0	2	0	10	0	1
0	3	0	10	0	1
0	2	0	10	0	1
0	2	0	10	0	1
0	3	0	10	0	1
0	2	0	10	0	1
0	1	0	10	0	1
0	3	0	10	0	1
0	2	0	10	0	1
0	1	0	10	0	1
0	2	0	10	0	1
0	1	0	10	0	1
0	3	0	10	0	1
0	2	0	10	0	1
0	2	0	10	0	1
0	3	0	10	0	1
0	2	0	10	0	1
0	2	0	10	0	1
0	247	0	10	0	1
0	444	0	10	0	1
0	446	0	10	0	1
0	436	0	10	0	1
0	460	0	10	0	1
0	420	0	10	0	1
0	436	0	10	0	1
0	469	0	10	0	1
0	77	0	405	0	1
0	2	0	902	0	1
0	14	0	902	0	1
0	4	0	902	0	1
0	5	0	902	0	1
0	14	0	902	0	1
0	3	0	902	0	1
0	1	0	902	0	1
0	6	0	902	0	1
0	1	0	902	0	1
0	3	0	902	0	1
0	2	0	902	0	1
0	2	0	902	0	1
0	2	0	902	0	1
0	1	0	902	0	1
0	0	0	902	0	1
0	2	0	405	0	1
0	1	0	405	0	1
0	4	0	405	0	1
0	4	0	405	0	1
0	2	0	405	0	1
0	2	0	405	0	1
0	3	0	405	0	1
0	2	0	405	0	1
0	1	0	405	0	1
0	2	0	405	0	1
0	12	0	405	0	1
0	3	0	405	0	1
0	3	0	10	0	1
0	2	0	10	0	1
0	1	0	10	0	1
0	2	0	10	0	1
0	1	0	10	0	1
0	0	0	10	0	1
0	1	0	10	0	1
0	3	0	10	0	1
0	3	0	10	0	1
0	1	0	10	0	1
0	4	0	10	0	1
0	2	0	10	0	1
0	4	0	10	0	1
0	2	0	10	0	1
0	1	0	10	0	1
0	1	0	10	0	1
0	1	0	10	0	1
0	3	0	10	0	1
0	2	0	10	0	1
0	1	0	10	0	1
0	10	0	10	0	1
0	3	0	10	0	1
0	1	0	10	0	1
0	2	0	10	0	1
0	191	0	10	0	1
0	448	0	10	0	1
0	451	0	10	0	1
0	444	0	10	0	1
0	477	0	10	0	1
0	468	0	10	0	1
0	461	0	10	0	1
0	434	0	10	0	1
0	124	0	405	0	1
0	1	0	902	0	1
0	14	0	902	0	1
0	5	0	902	0	1
0	11	0	902	0	1
0	7	0	902	0	1
0	2	0	902	0	1
0	2	0	902	0	1
0	5	0	902	0	1
0	1	0	902	0	1
0	1	0	902	0	1
0	3	0	902	0	1
0	1	0	902	0	1
0	1	0	902	0	1
0	3	0	902	0	1
0	2	0	902	0	1
0	2	0	405	0	1
0	1	0	405	0	1
0	2	0	405	0	1
0	1	0	405	0	1
0	1	0	405	0	1
0	1	0	405	0	1
0	2	0	405	0	1
0	3	0	405	0	1
0	2	0	405	0	1
0	3	0	405	0	1
0	13	0	405	0	1
0	10	0	405	0	1
0	3	0	10	0	1
0	0	0	10	0	1
0	1	0	10	0	1
0	1	0	10	0	1
0	1	0	10	0	1
0	2	0	10	0	1
0	0	0	10	0	1
0	2	0	10	0	1
0	2	0	10	0	1
0	1	0	10	0	1
0	0	0	10	0	1
0	2	0	10	0	1
0	3	0	10	0	1
0	1	0	10	0	1
0	2	0	10	0	1
0	2	0	10	0	1
0	2	0	10	0	1
0	1	0	10	0	1
0	2	0	10	0	1
0	2	0	10	0	1
0	2	0	10	0	1
0	1	0	10	0	1
0	2	0	10	0	1
0	21	0	10	0	1
0	133	0	10	0	1
0	455	0	10	0	1
0	451	0	10	0	1
0	437	0	10	0	1
0	408	0	10	0	1
0	447	0	10	0	1
0	472	0	10	0	1
0	409	0	10	0	1
0	469	0	10	0	1
0	9	0	405	0	1
0	71	0	902	0	1
0	1	0	902	0	1
0	6	0	902	0	1
0	43	0	902	0	1
0	11	0	902	0	1
0	2	0	902	0	1
0	1	0	902	0	1
0	1	0	902	0	1
0	1	0	902	0	1
0	1	0	902	0	1
0	1	0	902	0	1
0	1	0	902	0	1
0	1	0	902	0	1
0	2	0	902	0	1
0	2	0	902	0	1
0	3	0	405	0	1
0	3	0	902	0	1
0	3	0	902	0	1
0	3	0	902	0	1
0	1	0	902	0	1
0	1	0	902	0	1
0	3	0	902	0	1
0	2	0	902	0	1
0	2	0	405	0	1
0	11	0	405	0	1
0	2	0	405	0	1
0	4	0	405	0	1
0	2	0	405	0	1
0	2	0	405	0	1
0	2	0	405	0	1
0	2	0	405	0	1
0	1	0	405	0	1
0	3	0	405	0	1
0	1	0	405	0	1
0	2	0	405	0	1
0	2	0	10	0	1
0	1	0	10	0	1
0	3	0	10	0	1
0	1	0	10	0	1
0	2	0	10	0	1
0	1	0	10	0	1
0	3	0	10	0	1
0	1	0	10	0	1
0	3	0	10	0	1
0	2	0	10	0	1
0	12	0	10	0	1
0	1	0	10	0	1
0	1	0	10	0	1
0	2	0	10	0	1
0	2	0	10	0	1
0	88	0	10	0	1
0	466	0	10	0	1
0	446	0	10	0	1
0	480	0	10	0	1
0	391	0	10	0	1
0	470	0	10	0	1
0	453	0	10	0	1
0	463	0	10	0	1
0	413	0	10	0	1
0	16	0	405	0	1
0	59	0	902	0	1
0	3	0	902	0	1
0	6	0	902	0	1
0	9	0	902	0	1
0	3	0	902	0	1
0	3	0	902	0	1
0	2	0	902	0	1
0	1	0	902	0	1
0	1	0	902	0	1
0	1	0	902	0	1
0	3	0	902	0	1
0	1	0	902	0	1
0	4	0	902	0	1
0	2	0	405	0	1
0	2	0	405	0	1
0	1	0	405	0	1
0	3	0	405	0	1
0	2	0	405	0	1
0	2	0	405	0	1
0	2	0	405	0	1
0	2	0	405	0	1
0	3	0	405	0	1
0	2	0	405	0	1
0	3	0	405	0	1
0	12	0	405	0	1
0	2	0	10	0	1
0	2	0	10	0	1
0	3	0	10	0	1
0	2	0	10	0	1
0	2	0	10	0	1
0	2	0	10	0	1
0	1	0	10	0	1
0	1	0	10	0	1
0	2	0	10	0	1
0	3	0	10	0	1
0	1	0	10	0	1
0	5	0	10	0	1
0	2	0	10	0	1
0	4	0	10	0	1
0	1	0	10	0	1
0	1	0	10	0	1
0	1	0	10	0	1
0	3	0	10	0	1
0	1	0	10	0	1
0	2	0	10	0	1
0	3	0	10	0	1
0	4	0	10	0	1
0	10	0	10	0	1
0	1	0	10	0	1
0	3	0	10	0	1
0	2	0	10	0	1
0	448	0	10	0	1
0	440	0	10	0	1
0	453	0	10	0	1
0	442	0	10	0	1
0	459	0	10	0	1
0	445	0	10	0	1
0	462	0	10	0	1
0	446	0	10	0	1
0	26	0	405	0	1
0	11	0	902	0	1
0	10	0	902	0	1
0	2	0	902	0	1
0	11	0	902	0	1
0	8	0	902	0	1
0	4	0	902	0	1
0	2	0	902	0	1
0	2	0	902	0	1
0	1	0	902	0	1
0	3	0	902	0	1
0	3	0	902	0	1
0	1	0	902	0	1
0	1	0	902	0	1
0	1	0	902	0	1
0	4	0	902	0	1
0	3	0	405	0	1
0	1	0	405	0	1
0	3	0	405	0	1
0	1	0	405	0	1
0	0	0	405	0	1
0	1	0	405	0	1
0	2	0	405	0	1
0	3	0	405	0	1
0	1	0	405	0	1
0	13	0	405	0	1
0	2	0	405	0	1
0	2	0	405	0	1
0	1	0	10	0	1
0	2	0	10	0	1
0	1	0	10	0	1
0	1	0	10	0	1
0	2	0	10	0	1
0	2	0	10	0	1
0	2	0	10	0	1
0	4	0	10	0	1
0	2	0	10	0	1
0	3	0	10	0	1
0	1	0	10	0	1
0	1	0	10	0	1
0	3	0	10	0	1
0	2	0	10	0	1
0	3	0	10	0	1
0	2	0	10	0	1
0	2	0	10	0	1
0	1	0	10	0	1
0	2	0	10	0	1
0	5	0	10	0	1
0	2	0	10	0	1
0	2	0	10	0	1
0	1	0	10	0	1
0	1	0	10	0	1
0	433	0	10	0	1
0	448	0	10	0	1
0	448	0	10	0	1
0	440	0	10	0	1
0	425	0	10	0	1
0	454	0	10	0	1
0	492	0	10	0	1
0	426	0	10	0	1
0	44	0	405	0	1
0	4	0	902	0	1
0	11	0	902	0	1
0	2	0	902	0	1
0	6	0	902	0	1
0	14	0	902	0	1
0	2	0	902	0	1
0	3	0	902	0	1
0	2	0	902	0	1
0	1	0	902	0	1
0	2	0	902	0	1
0	3	0	902	0	1
0	2	0	902	0	1
0	10	0	902	0	1
0	3	0	902	0	1
0	0	0	902	0	1
0	9	0	405	0	1
0	2	0	405	0	1
0	1	0	405	0	1
0	1	0	405	0	1
0	3	0	405	0	1
0	2	0	405	0	1
0	2	0	405	0	1
0	2	0	405	0	1
0	2	0	405	0	1
0	13	0	405	0	1
0	3	0	405	0	1
0	1	0	405	0	1
0	5	0	10	0	1
0	1	0	10	0	1
0	2	0	10	0	1
0	2	0	10	0	1
0	1	0	10	0	1
0	1	0	10	0	1
0	1	0	10	0	1
0	3	0	10	0	1
0	1	0	10	0	1
0	3	0	10	0	1
0	1	0	10	0	1
0	1	0	10	0	1
0	2	0	10	0	1
0	1	0	10	0	1
0	2	0	10	0	1
0	2	0	10	0	1
0	0	0	10	0	1
0	1	0	10	0	1
0	1	0	10	0	1
0	2	0	10	0	1
0	1	0	10	0	1
0	2	0	10	0	1
0	2	0	10	0	1
0	1	0	10	0	1
0	370	0	10	0	1
0	454	0	10	0	1
0	466	0	10	0	1
0	401	0	10	0	1
0	475	0	10	0	1
0	439	0	10	0	1
0	431	0	10	0	1
0	423	0	10	0	1
0	50	0	405	0	1
0	3	0	902	0	1
0	10	0	902	0	1
0	9	0	902	0	1
0	4	0	902	0	1
0	14	0	902	0	1
0	4	0	902	0	1
0	0	0	902	0	1
0	3	0	902	0	1
0	2	0	902	0	1
0	2	0	902	0	1
0	1	0	902	0	1
0	2	0	902	0	1
0	3	0	902	0	1
0	2	0	405	0	1
0	1	0	405	0	1
0	1	0	405	0	1
0	1	0	405	0	1
0	1	0	405	0	1
0	1	0	405	0	1
0	1	0	405	0	1
0	0	0	405	0	1
0	1	0	405	0	1
0	3	0	405	0	1
0	1	0	405	0	1
0	9	0	405	0	1
0	2	0	10	0	1
0	2	0	10	0	1
0	2	0	10	0	1
0	2	0	10	0	1
0	2	0	10	0	1
0	1	0	10	0	1
0	2	0	10	0	1
0	2	0	10	0	1
0	3	0	10	0	1
0	2	0	10	0	1
0	2	0	10	0	1
0	2	0	10	0	1
0	1	0	10	0	1
0	1	0	10	0	1
0	1	0	10	0	1
0	1	0	10	0	1
0	1	0	10	0	1
0	1	0	10	0	1
0	1	0	10	0	1
0	1	0	10	0	1
0	2	0	10	0	1
0	2	0	10	0	1
0	1	0	10	0	1
0	1	0	10	0	1
0	1	0	10	0	1
0	2	0	10	0	1
0	333	0	10	0	1
0	431	0	10	0	1
0	461	0	10	0	1
0	463	0	10	0	1
0	468	0	10	0	1
0	456	0	10	0	1
0	422	0	10	0	1
0	449	0	10	0	1
0	54	0	405	0	1
0	5	0	902	0	1
0	12	0	902	0	1
0	2	0	902	0	1
0	9	0	902	0	1
0	9	0	902	0	1
0	3	0	902	0	1
0	1	0	902	0	1
0	3	0	902	0	1
0	1	0	902	0	1
0	1	0	902	0	1
0	1	0	902	0	1
0	0	0	902	0	1
0	4	0	902	0	1
0	1	0	405	0	1
0	0	0	405	0	1
0	2	0	405	0	1
0	1	0	405	0	1
0	2	0	405	0	1
0	2	0	405	0	1
0	2	0	405	0	1
0	1	0	405	0	1
0	2	0	405	0	1
0	1	0	405	0	1
0	1	0	405	0	1
0	11	0	405	0	1
0	4	0	10	0	1
0	2	0	10	0	1
0	1	0	10	0	1
0	2	0	10	0	1
0	2	0	10	0	1
0	1	0	10	0	1
0	1	0	10	0	1
0	2	0	10	0	1
0	2	0	10	0	1
0	2	0	10	0	1
0	2	0	10	0	1
0	4	0	10	0	1
0	4	0	10	0	1
0	2	0	10	0	1
0	1	0	10	0	1
0	2	0	10	0	1
0	1	0	10	0	1
0	2	0	10	0	1
0	1	0	10	0	1
0	104	0	10	0	1