Plcd	Pcpu	Pwifi	Pdata	Pgps	type
0	41	34	0	0	0
0	1	34	0	0	0
0	1	34	0	0	0
0	7	34	0	0	0
0	1	34	0	0	0
0	3	34	0	0	0
0	4	34	0	0	0
0	2	34	0	0	0
0	83	34	0	0	0
0	6	34	0	0	0
0	2	34	0	0	0
0	1	34	0	0	0
0	2	34	0	0	0
0	4	34	0	0	0
0	38	34	0	0	0
0	1	34	0	0	0
0	2	34	0	0	0
0	0	34	0	0	0
0	0	34	0	0	0
0	6	34	0	0	0
0	3	34	0	0	0
0	0	34	0	0	0
0	1	34	0	0	0
0	0	34	0	0	0
0	7	34	0	0	0
0	2	34	0	0	0
0	2	34	0	0	0
0	1	34	0	0	0
0	1	34	0	0	0
0	10	34	0	0	0
0	3	34	0	0	0
0	2	34	0	0	0
0	2	34	0	0	0
0	1	34	0	0	0
0	2	34	0	0	0
0	15	34	0	0	0
0	0	34	0	0	0
0	1	34	0	0	0
0	2	34	0	0	0
0	0	34	0	0	0
0	11	34	0	0	0
0	3	34	0	0	0
0	1	34	0	0	0
0	1	34	0	0	0
0	3	34	0	0	0
0	9	34	0	0	0
0	1	34	0	0	0
0	0	34	0	0	0
0	22	34	0	0	0
0	2	34	0	0	0
0	12	34	0	0	0
0	2	34	0	0	0
0	1	34	0	0	0
0	1	34	0	0	0
0	3	34	0	0	0
0	10	34	0	0	0
0	11	34	0	0	0
0	1	34	0	0	0
0	0	34	0	0	0
0	2	34	0	0	0
0	9	34	0	0	0
0	1	34	0	0	0
0	1	34	0	0	0
0	1	34	0	0	0
0	4	34	0	0	0
0	11	34	0	0	0
0	1	34	0	0	0
0	0	34	0	0	0
0	57	34	0	0	0
0	0	34	0	0	0
0	2	34	0	0	0
0	2	34	0	0	0
0	0	34	0	0	0
0	1	34	0	0	0
0	1	34	0	0	0
0	2	34	0	0	0
0	2	34	0	0	0
0	1	34	0	0	0
0	2	34	0	0	0
0	2	34	0	0	0
0	3	34	0	0	0
0	1	34	0	0	0
0	2	34	0	0	0
0	0	34	0	0	0
0	1	34	0	0	0
0	2	34	0	0	0
0	1	34	0	0	0
0	2	34	0	0	0
0	0	34	0	0	0
0	3	34	0	0	0
0	2	34	0	0	0
0	1	34	0	0	0
0	1	34	0	0	0
0	2	34	0	0	0
0	1	34	0	0	0
0	1	34	0	0	0
0	2	34	0	0	0
0	2	34	0	0	0
0	5	34	0	0	0
0	1	34	0	0	0
0	1	34	0	0	0
0	2	34	0	0	0
0	2	34	0	0	0
0	2	34	0	0	0
0	2	34	0	0	0
0	2	34	0	0	0
0	2	34	0	0	0
0	3	34	0	0	0
0	1	34	0	0	0
0	1	34	0	0	0
0	0	34	0	0	0
0	2	34	0	0	0
0	1	34	0	0	0
0	2	34	0	0	0
0	1	34	0	0	0
0	1	34	0	0	0
0	11	34	0	0	0
0	1	34	0	0	0
0	1	34	0	0	0
0	1	34	0	0	0
0	0	34	0	0	0
0	2	34	0	0	0
0	1	34	0	0	0
0	3	34	0	0	0
0	3	34	0	0	0
0	3	34	0	0	0
0	16	34	0	0	0
0	0	34	0	0	0
0	53	34	0	0	0
0	1	34	0	0	0
0	1	34	0	0	0
0	1	34	0	0	0
0	2	34	0	0	0
0	1	34	0	0	0
0	5	34	0	0	0
0	0	34	0	0	0
0	0	34	0	0	0
0	2	34	0	0	0
0	2	34	0	0	0
0	1	34	0	0	0
0	1	34	0	0	0
0	2	34	0	0	0
0	1	34	0	0	0
0	4	34	0	0	0
0	2	34	0	0	0
0	1	34	0	0	0
0	1	34	0	0	0
0	1	34	0	0	0
0	1	34	0	0	0
0	2	34	0	0	0
0	2	34	0	0	0
0	2	34	0	0	0
0	0	34	0	0	0
0	1	34	0	0	0
0	2	34	0	0	0
0	1	34	0	0	0
0	2	34	0	0	0
0	2	34	0	0	0
0	1	34	0	0	0
0	2	34	0	0	0
0	2	34	0	0	0
0	2	34	0	0	0
0	1	34	0	0	0
0	3	34	0	0	0
0	1	34	0	0	0
0	0	34	0	0	0
0	1	34	0	0	0
0	2	34	0	0	0
0	2	34	0	0	0
0	1	34	0	0	0
0	1	34	0	0	0
0	1	34	0	0	0
0	0	34	0	0	0
0	1	34	0	0	0
0	0	34	0	0	0
0	1	34	0	0	0
0	2	34	0	0	0
0	1	34	0	0	0
0	2	34	0	0	0
0	2	34	0	0	0
0	2	34	0	0	0
0	2	34	0	0	0
0	1	34	0	0	0
0	2	34	0	0	0
0	2	34	0	0	0
0	0	34	0	0	0
0	2	34	0	0	0
0	2	34	0	0	0
0	57	34	0	0	0
0	1	34	0	0	0
0	1	34	0	0	0
0	2	34	0	0	0
0	0	34	0	0	0
0	4	34	0	0	0
0	0	34	0	0	0
0	2	34	0	0	0
0	1	34	0	0	0
0	3	34	0	0	0
0	1	34	0	0	0
0	3	34	0	0	0
0	0	34	0	0	0
0	2	34	0	0	0
0	1	34	0	0	0
0	3	34	0	0	0
0	2	34	0	0	0
0	0	34	0	0	0
0	2	34	0	0	0
0	0	34	0	0	0
0	1	34	0	0	0
0	1	34	0	0	0
0	1	34	0	0	0
0	1	34	0	0	0
0	0	34	0	0	0
0	0	34	0	0	0
0	3	34	0	0	0
0	1	34	0	0	0
0	2	34	0	0	0
0	0	34	0	0	0
0	0	34	0	0	0
0	1	34	0	0	0
0	2	34	0	0	0
0	2	34	0	0	0
0	2	34	0	0	0
0	2	34	0	0	0
0	0	34	0	0	0
0	2	34	0	0	0
0	1	34	0	0	0
0	2	34	0	0	0
0	2	34	0	0	0
0	1	34	0	0	0
0	1	34	0	0	0
0	2	34	0	0	0
0	1	34	0	0	0
0	2	34	0	0	0
0	1	34	0	0	0
0	0	34	0	0	0
0	2	34	0	0	0
0	2	34	0	0	0
0	1	34	0	0	0
0	2	34	0	0	0
0	1	34	0	0	0
0	1	34	0	0	0
0	1	34	0	0	0
0	1	34	0	0	0
0	5	34	0	0	0
0	2	34	0	0	0
0	2	34	0	0	0
0	1	34	0	0	0
0	54	34	0	0	0
0	0	34	0	0	0
0	2	34	0	0	0
0	0	34	0	0	0
0	1	34	0	0	0
0	1	34	0	0	0
0	1	34	0	0	0
0	1	34	0	0	0
0	2	34	0	0	0
0	2	34	0	0	0
0	1	34	0	0	0
0	2	34	0	0	0
0	2	34	0	0	0
0	2	34	0	0	0
0	0	34	0	0	0
0	1	34	0	0	0
0	0	34	0	0	0
0	1	34	0	0	0
0	16	34	0	0	0
0	1	34	0	0	0
0	1	34	0	0	0
0	2	34	0	0	0
0	1	34	0	0	0
0	2	34	0	0	0
0	1	34	0	0	0
0	1	34	0	0	0
0	72	34	0	0	0
0	0	34	0	0	0
0	0	34	0	0	0
0	0	34	0	0	0
0	2	34	0	0	0
0	1	34	0	0	0
0	6	34	0	0	0
0	0	34	0	0	0
0	2	34	0	0	0
0	0	34	0	0	0
0	1	34	0	0	0
0	2	34	0	0	0
0	2	34	0	0	0
0	1	34	0	0	0
0	5	34	0	0	0
0	0	34	0	0	0
0	1	34	0	0	0
0	1	34	0	0	0
0	0	34	0	0	0
0	1	34	0	0	0
0	19	34	0	0	0
0	0	34	0	0	0
0	1	34	0	0	0
0	0	34	0	0	0
0	0	34	0	0	0
0	5	34	0	0	0
0	1	34	0	0	0
0	2	34	0	0	0
0	2	34	0	0	0
0	1	34	0	0	0
0	2	34	0	0	0
0	0	34	0	0	0
0	1	34	0	0	0
0	1	34	0	0	0
0	53	34	0	0	0
0	1	34	0	0	0
0	1	34	0	0	0
0	0	34	0	0	0
0	2	34	0	0	0
0	1	34	0	0	0
0	2	34	0	0	0
0	1	34	0	0	0
0	1	34	0	0	0
0	2	34	0	0	0
0	1	34	0	0	0
0	4	34	0	0	0
0	1	34	0	0	0
0	1	34	0	0	0
0	2	34	0	0	0
0	2	34	0	0	0
0	2	34	0	0	0
0	1	34	0	0	0
0	1	34	0	0	0
0	0	34	0	0	0
0	2	34	0	0	0
0	1	34	0	0	0
0	0	34	0	0	0
0	4	34	0	0	0
0	0	34	0	0	0
0	1	34	0	0	0
0	2	34	0	0	0
0	2	34	0	0	0
0	1	34	0	0	0
0	0	34	0	0	0
0	3	34	0	0	0
0	1	34	0	0	0
0	2	34	0	0	0
0	2	34	0	0	0
0	2	34	0	0	0
0	3	34	0	0	0
0	0	34	0	0	0
0	2	34	0	0	0
0	2	34	0	0	0
0	1	34	0	0	0
0	2	34	0	0	0
0	0	34	0	0	0
0	0	34	0	0	0
0	1	34	0	0	0
0	3	34	0	0	0
0	1	34	0	0	0
0	11	34	0	0	0
0	1	34	0	0	0
0	2	34	0	0	0
0	2	34	0	0	0
0	2	34	0	0	0
0	0	34	0	0	0
0	2	34	0	0	0
0	2	34	0	0	0
0	1	34	0	0	0
0	0	34	0	0	0
0	15	34	0	0	0
0	2	34	0	0	0
0	2	34	0	0	0
0	2	34	0	0	0
0	54	34	0	0	0
0	1	34	0	0	0
0	1	34	0	0	0
0	1	34	0	0	0
0	1	34	0	0	0
0	1	34	0	0	0
0	0	34	0	0	0
0	2	34	0	0	0
0	2	34	0	0	0
0	1	34	0	0	0
0	1	34	0	0	0
0	3	34	0	0	0
0	1	34	0	0	0
0	2	34	0	0	0
0	0	34	0	0	0
0	2	34	0	0	0
0	0	34	0	0	0
0	0	34	0	0	0
0	2	34	0	0	0
0	4	34	0	0	0
0	1	34	0	0	0
0	1	34	0	0	0
0	1	34	0	0	0
0	3	34	0	0	0
0	1	34	0	0	0
0	1	34	0	0	0
0	2	34	0	0	0
0	2	34	0	0	0
0	2	34	0	0	0
0	1	34	0	0	0
0	2	34	0	0	0
0	2	34	0	0	0
0	3	34	0	0	0
0	1	34	0	0	0
0	1	34	0	0	0
0	0	34	0	0	0
0	1	34	0	0	0
0	1	34	0	0	0
0	1	34	0	0	0
0	2	34	0	0	0
0	1	34	0	0	0
0	3	34	0	0	0
0	2	34	0	0	0
0	2	34	0	0	0
0	1	34	0	0	0
0	2	34	0	0	0
0	2	34	0	0	0
0	1	34	0	0	0
0	2	34	0	0	0
0	1	34	0	0	0
0	1	34	0	0	0
0	2	34	0	0	0
0	1	34	0	0	0
0	0	34	0	0	0
0	2	34	0	0	0
0	3	34	0	0	0
0	26	34	0	0	0
0	1	34	0	0	0
0	2	34	0	0	0
0	2	34	0	0	0
0	43	34	0	0	0
0	2	34	0	0	0
0	2	34	0	0	0
0	1	34	0	0	0
0	1	34	0	0	0
0	1	34	0	0	0
0	1	34	0	0	0
0	3	34	0	0	0
0	1	34	0	0	0
0	0	34	0	0	0
0	1	34	0	0	0
0	2	34	0	0	0
0	1	34	0	0	0
0	1	34	0	0	0
0	0	34	0	0	0
0	2	34	0	0	0
0	2	34	0	0	0
0	2	34	0	0	0
0	1	34	0	0	0
0	2	34	0	0	0
0	2	34	0	0	0
0	1	34	0	0	0
0	1	34	0	0	0
0	1	34	0	0	0
0	1	34	0	0	0
0	2	34	0	0	0
0	4	34	0	0	0
0	2	34	0	0	0
0	1	34	0	0	0
0	1	34	0	0	0
0	1	34	0	0	0
0	3	34	0	0	0
0	2	34	0	0	0
0	1	34	0	0	0
0	2	34	0	0	0
0	0	34	0	0	0
0	2	34	0	0	0
0	2	34	0	0	0
0	2	34	0	0	0
0	2	34	0	0	0
0	1	34	0	0	0
0	2	34	0	0	0
0	2	34	0	0	0
0	3	34	0	0	0
0	2	34	0	0	0
0	2	34	0	0	0
0	0	34	0	0	0
0	1	34	0	0	0
0	1	34	0	0	0
0	2	34	0	0	0
0	2	34	0	0	0
0	1	34	0	0	0
0	1	34	0	0	0
0	2	34	0	0	0
0	1	34	0	0	0
0	2	34	0	0	0
0	2	34	0	0	0
0	2	34	0	0	0
0	0	34	0	0	0
0	1	34	0	0	0
0	48	34	0	0	0
0	1	34	0	0	0
0	1	34	0	0	0
0	1	34	0	0	0
0	0	34	0	0	0
0	2	34	0	0	0
0	1	34	0	0	0
0	3	34	0	0	0
0	2	34	0	0	0
0	2	34	0	0	0
0	2	34	0	0	0
0	2	34	0	0	0
0	2	34	0	0	0
0	1	34	0	0	0
0	2	34	0	0	0
0	0	34	0	0	0
0	2	34	0	0	0
0	2	34	0	0	0
0	1	34	0	0	0
0	3	34	0	0	0
0	2	34	0	0	0
0	1	34	0	0	0
0	1	34	0	0	0
0	2	34	0	0	0
0	1	34	0	0	0
0	2	34	0	0	0
0	15	34	0	0	0
0	2	34	0	0	0
0	1	34	0	0	0
0	2	34	0	0	0
0	1	34	0	0	0
0	7	34	0	0	0
0	2	34	0	0	0
0	1	34	0	0	0
0	2	34	0	0	0
0	1	34	0	0	0
0	1	34	0	0	0
0	2	34	0	0	0
0	2	34	0	0	0
0	2	34	0	0	0
0	1	34	0	0	0
0	3	34	0	0	0
0	0	34	0	0	0
0	3	34	0	0	0
0	2	34	0	0	0
0	1	34	0	0	0
0	2	34	0	0	0
0	2	34	0	0	0
0	1	34	0	0	0
0	2	34	0	0	0
0	2	34	0	0	0
0	2	34	0	0	0
0	2	34	0	0	0
0	1	34	0	0	0
0	2	34	0	0	0
0	4	34	0	0	0
0	3	34	0	0	0
0	1	34	0	0	0
0	1	34	0	0	0
0	0	34	0	0	0
0	43	34	0	0	0
0	0	34	0	0	0
0	2	34	0	0	0
0	2	34	0	0	0
0	1	34	0	0	0
0	1	34	0	0	0
0	2	34	0	0	0
0	4	34	0	0	0
0	2	34	0	0	0
0	2	34	0	0	0
0	1	34	0	0	0
0	2	34	0	0	0
0	1	34	0	0	0
0	0	34	0	0	0
0	1	34	0	0	0
0	2	34	0	0	0
0	1	34	0	0	0
0	1	34	0	0	0
0	1	34	0	0	0
0	4	34	0	0	0
0	1	34	0	0	0
0	1	34	0	0	0
0	1	34	0	0	0
0	0	34	0	0	0
0	1	34	0	0	0
0	2	34	0	0	0
0	2	34	0	0	0
0	1	34	0	0	0
0	0	34	0	0	0
0	1	34	0	0	0
0	2	34	0	0	0
0	2	34	0	0	0
0	1	34	0	0	0
0	1	34	0	0	0
0	2	34	0	0	0
0	1	34	0	0	0
0	2	34	0	0	0
0	1	34	0	0	0
0	0	34	0	0	0
0	2	34	0	0	0
0	3	34	0	0	0
0	3	34	0	0	0
0	1	34	0	0	0
0	3	34	0	0	0
0	12	34	0	0	0
0	2	34	0	0	0
0	11	34	0	0	0
0	10	34	0	0	0
0	1	34	0	0	0
0	3	34	0	0	0
0	2	34	0	0	0
0	2	34	0	0	0
0	1	34	0	0	0
0	0	34	0	0	0
0	1	34	0	0	0
0	4	34	0	0	0
0	2	34	0	0	0
0	1	34	0	0	0
0	1	34	0	0	0
0	1	34	0	0	0
0	71	34	0	0	0
0	4	34	0	0	0
0	3	34	0	0	0
0	2	34	0	0	0
0	1	34	0	0	0
0	4	34	0	0	0
0	0	34	0	0	0
0	1	34	0	0	0
0	1	34	0	0	0
0	0	34	0	0	0
0	1	34	0	0	0
0	2	34	0	0	0
0	1	34	0	0	0
0	1	34	0	0	0
0	1	34	0	0	0
0	0	34	0	0	0
0	1	34	0	0	0
0	2	34	0	0	0
0	1	34	0	0	0
0	1	34	0	0	0
0	1	34	0	0	0
0	4	34	0	0	0
0	1	34	0	0	0
0	1	34	0	0	0
0	1	34	0	0	0
0	2	34	0	0	0
0	31	34	0	0	0
0	1	34	0	0	0
0	2	34	0	0	0
0	1	34	0	0	0
0	2	34	0	0	0
0	1	34	0	0	0
0	2	34	0	0	0
0	2	34	0	0	0
0	11	34	0	0	0
0	0	34	0	0	0
0	1	34	0	0	0
0	0	34	0	0	0
0	1	34	0	0	0
0	2	34	0	0	0
0	1	34	0	0	0
0	3	34	0	0	0
0	2	34	0	0	0
0	2	34	0	0	0
0	0	34	0	0	0
0	155	34	0	0	0